49798
2916
492
1475
468
254
3573
5782
1714
2898
1643
2682
2420
2593
1762
1701
1555
3548
1073
3618
7463
2976
19654
806
2150
1529
858
3529
2860
3006
711
2467
562
3208
6396
1479
6081
742
1249
1725
4970
2583
8384
721
2880
8986
1133
1919
1315
4092
675
12396
4243
30617
3268
2571
594
3068
6716
32962
1804
2002
1425
1480
6018
570
9794
1436
125
903
5937
19732
1448
2694
2765
1601
1230
6340
1118
1674
2765
3067
2955
2052
1164
4365
1182
3969
2002
1324
1485
4371
1551
3529
11459
1690
3759
6141
2131
885
2242
1516
5032
1269
1323
1664
9096
885
526
438
1915
2809
9052
1293
