2821
2777
2754
2734
2734
2707
2706
2706
2705
2675
2644
2632
2599
2598
2563
2562
2548
2527
2526
2494
2463
2390
2325
2109
2089
2078
2078
2047
2016
2016
1985
1941
1936
1823
1730
1713
1705
1589
1468
1395
1380
1334
1273
1212
1208
1183
1152
1152
1139
1091
1071
1031
1011
982
980
970
960
949
916
909
885
867
865
865
862
861
857
854
851
850
850
849
849
849
849
848
847
847
842
841
840
837
836
833
830
827
826
824
823
823
823
822
821
820
819
814
813
813
812
812
812
812
811
811
810
810
808
808
807
805
804
803
800
799
799
799
798
797
797
797
796
796
796
796
795
794
791
791
791
790
788
787
787
786
786
786
785
785
785
782
782
754
728
723
712
692
689
635
615
606
604
574
573
563
545
541
510
484
479
447
423
423
415
396
383
378
362
351
319
301
298
280
274
249
248
247
246
240
233
226
219
174
172
172
80
62
56
55
48
8
