6489
6355
6136
6099
6079
5769
5769
5725
5725
5711
5711
5697
5642
5639
5631
5630
5442
5441
5346
5325
5324
5322
5321
5286
5254
5254
5253
5253
5253
5252
5252
5244
5215
5212
5212
5211
5211
5157
5150
5145
5122
5071
5070
5048
5048
5000
4963
4959
4958
4958
4958
4958
4958
4958
4951
4951
4929
4927
4924
4891
4883
4879
4843
4818
4758
4751
4737
4721
4718
4713
4711
4709
4708
4708
4708
4707
4706
4706
4705
4705
4702
4701
4699
4698
4697
4696
4695
4695
4694
4692
4691
4690
4689
4688
4688
4688
4686
4684
4681
4680
4679
4678
4677
4674
4674
4673
4672
4671
4670
4669
4668
4667
4667
4633
4629
4510
4509
4509
4508
4507
4499
4452
4450
4446
4446
4439
4435
4434
4410
4406
4404
4403
4402
4401
4398
4397
4397
4395
4394
4393
4391
4390
4390
4389
4388
4387
4387
4386
4385
4385
4384
4384
4383
4382
4381
4381
4380
4380
4379
4378
4377
4376
4375
4374
4372
4369
4369
4368
4367
4366
4362
4360
4353
4346
4326
4325
4325
4324
4324
4322
4320
4320
4318
4267
4256
4256
4240
4239
4238
4209
4205
4204
4197
4192
4191
4191
4188
4180
4178
4176
4175
4145
4142
4142
4127
4127
4125
4118
4117
4078
4071
4070
4025
4023
4012
3999
3997
3996
3996
3992
3989
3987
3986
3963
3963
3961
3960
3959
3955
3943
3941
3926
3925
3911
3899
3898
3896
3837
3836
3798
3791
3780
3776
3770
3768
3768
3767
3762
3762
3762
3761
3760
3759
3758
3758
3758
3757
3756
3756
3756
3754
3752
3750
3750
3749
3749
3748
3746
3746
3745
3745
3743
3742
3741
3741
3741
3739
3739
3738
3737
3735
3732
3732
3732
3731
3730
3730
3728
3728
3727
3727
3726
3725
3723
3722
3722
3721
3720
3718
3717
3716
3715
3715
3707
3702
3701
3700
3699
3698
3697
3696
3694
3693
3693
3692
3692
3691
3688
3687
3687
3685
3685
3684
3682
3680
3680
3679
3676
3676
3675
3675
3675
3674
3671
3670
3669
3664
3661
3659
3658
3657
3656
3654
3653
3651
3646
3638
3636
3635
3635
3634
3631
3629
3626
3625
3619
3618
3615
3611
3602
3601
3599
3597
3592
3590
3587
3585
3582
3581
3580
3579
3577
3574
3574
3573
3560
3554
3553
3548
3547
3545
3540
3537
3536
3532
3528
3527
3525
3524
3524
3523
3522
3521
3521
3521
3519
3517
3516
3508
3507
3507
3506
3503
3503
3501
3499
3498
3497
3494
3492
3489
3487
3486
3484
3484
3476
3475
3475
3474
3472
3468
3467
3461
3459
3454
3454
3449
3447
3444
3431
3429
3429
3428
3428
3427
3424
3424
3424
3423
3422
3422
3419
3418
3417
3416
3414
3414
3413
3413
3412
3412
3411
3410
3409
3408
3407
3406
3406
3405
3404
3404
3403
3402
3401
3400
3399
3398
3398
3397
3396
3396
3395
3395
3394
3394
3393
3392
3392
3391
3390
3389
3389
3389
3388
3387
3386
3385
3384
3383
3383
3382
3381
3381
3380
3379
3378
3377
3377
3376
3376
3375
3374
3371
3371
3371
3371
3370
3369
3369
3368
3367
3367
3366
3365
3364
3364
3363
3363
3363
3362
3362
3361
3361
3360
3360
3358
3357
3357
3356
3355
3355
3355
3354
3353
3352
3351
3351
3350
3349
3348
3347
3346
3346
3345
3344
3343
3342
3341
3341
3340
3339
3338
3336
3335
3334
3333
3333
3333
3332
3331
3329
3329
3328
3328
3326
3326
3324
3324
3321
3321
3321
3320
3320
3320
3320
3320
3320
3320
3319
3318
3318
3318
3317
3317
3317
3317
3317
3317
3317
3310
3310
3305
3299
3297
3291
3291
3291
3291
3291
3291
3291
3291
3290
3290
3290
3288
3286
3284
3284
3284
3284
3284
3284
3284
3284
3278
3272
3272
3272
3271
3261
3261
3260
3260
3260
3257
3257
3257
3256
3255
3255
3253
3253
3253
3252
3252
3251
3250
3250
3250
3249
3247
3247
3235
3234
3230
3230
3229
3229
3229
3228
3228
3228
3228
3228
3227
3227
3227
3226
3225
3224
3223
3222
3222
3222
3220
3219
3219
3218
3217
3216
3213
3213
3212
3211
3210
3209
3208
3208
3206
3206
3203
3199
3199
3196
3196
3194
3193
3193
3193
3192
3192
3192
3191
3191
3191
3191
3191
3191
3191
3190
3190
3190
3190
3190
3190
3190
3189
3189
3189
3188
3187
3187
3183
3182
3182
3182
3182
3182
3181
3180
3180
3180
3179
3179
3178
3176
3166
3165
3165
3164
3163
3161
3160
3160
3158
3157
3155
3153
3147
3147
3146
3146
3145
3144
3144
3143
3143
3143
3142
3142
3140
3138
3137
3137
3136
3136
3135
3134
3133
3133
3133
3132
3132
3131
3125
3119
3118
3114
3111
3108
3100
3095
3093
3092
3091
3088
3086
3082
3080
3080
3080
3079
3079
3079
3077
3076
3074
3060
3059
3049
3049
3048
3046
3045
3040
3032
3032
3029
3028
3026
3020
3016
3014
3013
3012
3007
3006
2993
2989
2984
2980
2977
2977
2973
2971
2969
2968
2961
2955
2951
2951
2949
2949
2949
2948
2941
2935
2934
2929
2928
2921
2920
2916
2913
2908
2903
2900
2900
2900
2893
2893
2891
2888
2887
2879
2874
2872
2864
2862
2861
2858
2854
2848
2848
2848
2843
2843
2839
2836
2834
2830
2828
2826
2821
2817
2817
2812
2807
2802
2795
2795
2795
2787
2780
2779
2770
2768
2762
2754
2750
2746
2739
2732
2723
2711
2708
2705
2688
2684
2676
2670
2667
2664
2662
2655
2654
2648
2646
2640
2639
2633
2630
2620
2603
2601
2597
2587
2586
2585
2583
2582
2580
2579
2578
2577
2576
2575
2574
2573
2572
2572
2571
2570
2569
2568
2567
2566
2564
2563
2562
2560
2559
2558
2556
2554
2554
2553
2553
2552
2552
2551
2550
2550
2549
2548
2548
2547
2547
2546
2546
2545
2545
2544
2540
2536
2533
2529
2525
2521
2517
2513
2509
2509
2505
2500
2494
2488
2483
2480
2477
2471
2464
2458
2454
2451
2444
2436
2429
2416
2415
2407
2399
2393
2390
2387
2381
2375
2368
2362
2358
2357
2351
2342
2341
2332
2332
2327
2324
2321
