223
223
223
223
222
222
222
222
221
221
221
220
220
219
219
217
217
216
215
214
213
212
211
211
209
209
207
206
206
205
205
204
203
203
202
202
202
201
201
200
200
200
199
198
198
197
197
196
196
196
195
194
194
194
192
192
191
190
190
189
188
187
186
186
186
185
185
184
183
183
182
181
180
179
178
178
177
176
175
174
174
173
173
173
172
171
171
170
170
170
169
168
167
167
166
165
164
163
162
161
161
159
158
158
157
156
156
155
155
154
153
152
152
152
151
151
151
149
149
148
148
147
147
146
142
140
140
139
138
132
131
130
129
128
123
121
120
119
119
118
117
116
106
103
101
88
82
39
25
24
23
18
18
17
17
16
16
